{
  "asset": {
    "version": "2.0",
    "generator": "THREE.GLTFExporter"
  },
  "scenes": [
    {
      "nodes": [
        0
      ]
    }
  ],
  "scene": 0,
  "nodes": [
    {
      "children": [
        116
      ],
      "matrix": [
        0.01,
        0,
        0,
        0,
        0,
        0.01,
        0,
        0,
        0,
        0,
        0.01,
        0,
        0,
        0,
        0,
        1
      ]
    },
    {
      "matrix": [
        -1,
        -8.67167909114878e-17,
        1.5397808527252535e-16,
        0,
        1.2246467991473532e-16,
        0.288112610429036,
        0.9575965349309522,
        0,
        -1.274027265939046e-16,
        0.9575965349309522,
        -0.288112610429036,
        0,
        -0.05776116229412766,
        13.903879870605817,
        -7.675305411103721,
        1
      ],
      "name": "Rectangle 76",
      "mesh": 0
    },
    {
      "matrix": [
        -1,
        -1.2574570766144655e-16,
        1.2416549268980413e-16,
        0,
        1.2246467991473532e-16,
        0.01343667013921268,
        0.9999097238728955,
        0,
        -1.274027265939046e-16,
        0.9999097238728955,
        -0.01343667013921257,
        0,
        -0.04021453055133861,
        15.023580394614541,
        0.07779988035509791,
        1
      ],
      "name": "Rectangle 75",
      "mesh": 0
    },
    {
      "matrix": [
        -1,
        -1.0670943888616389e-16,
        1.408621603653012e-16,
        0,
        1.2246467991473532e-16,
        0.15620345882763567,
        0.9877249006936513,
        0,
        -1.2740272659390461e-16,
        0.9877249006936513,
        -0.15620345882763553,
        0,
        -0.03551625369004796,
        14.75660545507061,
        -3.8233580448693156,
        1
      ],
      "name": "Rectangle 76",
      "mesh": 0
    },
    {
      "matrix": [
        -1,
        -1.4135650596711458e-16,
        1.0605371653529584e-16,
        0,
        1.2246467991473532e-16,
        -0.12167024909178781,
        0.9925705770805129,
        0,
        -1.274027265939046e-16,
        0.9925705770805129,
        0.1216702490917877,
        0,
        -0.017969621947258922,
        14.783243109882628,
        4.0156771542437495,
        1
      ],
      "name": "Rectangle 74",
      "mesh": 0
    },
    {
      "matrix": [
        -1,
        -1.5701114469723457e-16,
        8.109594941206275e-17,
        0,
        1.224646799147353e-16,
        -0.28487814311952603,
        0.9585637399634783,
        0,
        -1.2740272659390456e-16,
        0.9585637399634783,
        0.28487814311952614,
        0,
        0.010697574940195409,
        13.965738524594032,
        7.865918659372963,
        1
      ],
      "name": "Rectangle 73",
      "mesh": 0
    },
    {
      "matrix": [
        -1,
        -4.4322190236103565e-17,
        1.710689803057656e-16,
        0,
        1.2246467991473527e-16,
        0.5240873590202182,
        0.8516645114804379,
        0,
        -1.2740272659390456e-16,
        0.8516645114804381,
        -0.524087359020218,
        0,
        -0.10086926641838544,
        11.517264531885306,
        -13.07646631738494,
        1
      ],
      "name": "Rectangle 77",
      "mesh": 0
    },
    {
      "matrix": [
        -1,
        -1.6812693722736385e-16,
        5.442780124831266e-17,
        0,
        1.2246467991473535e-16,
        -0.4372646669430853,
        0.8993328699892786,
        0,
        -1.2740272659390451e-16,
        0.8993328699892786,
        0.4372646669430853,
        0,
        0.010697574940195406,
        12.533446012649893,
        11.447888119815612,
        1
      ],
      "name": "Rectangle 72",
      "mesh": 0
    },
    {
      "matrix": [
        -0.9999999999999998,
        -7.693144836748324e-17,
        1.5909306968646065e-16,
        0,
        1.2246467991473532e-16,
        0.34735301803252505,
        0.937734440480724,
        0,
        -1.2740272659390454e-16,
        0.937734440480724,
        -0.34735301803252483,
        0,
        -0.10086926641838548,
        13.24234255262498,
        -9.548107510578921,
        1
      ],
      "name": "Rectangle 77",
      "mesh": 0
    },
    {
      "matrix": [
        -1,
        -1.7552598935177214e-16,
        2.0486083868356478e-17,
        0,
        1.2246467991473532e-16,
        -0.604749411407241,
        0.7964158143850456,
        0,
        -1.2740272659390451e-16,
        0.7964158143850456,
        0.6047494114072409,
        0,
        0.010697574940195409,
        10.48241904126567,
        14.797290814305954,
        1
      ],
      "name": "Rectangle 71",
      "mesh": 0
    },
    {
      "matrix": [
        -1,
        -1.7637514194259745e-16,
        -1.97827492886674e-17,
        0,
        1.2246467991473535e-16,
        -0.766392448551255,
        0.6423726448126603,
        0,
        -1.2845991607529207e-16,
        0.6423726448126603,
        0.7663924485512549,
        0,
        0.029720717913505727,
        7.758170831206124,
        17.635824653993456,
        1
      ],
      "name": "Rectangle 70",
      "mesh": 0
    },
    {
      "matrix": [
        -0.9999999999999998,
        -1.6171159204136278e-16,
        -7.31362349600902e-17,
        0,
        1.224646799147353e-16,
        -0.926966732611908,
        0.37514354136890493,
        0,
        -1.28459916075292e-16,
        0.375143541368905,
        0.9269667326119081,
        0,
        0.029720717913505716,
        4.361855345750781,
        19.65898223002645,
        1
      ],
      "name": "Rectangle 69",
      "mesh": 0
    },
    {
      "matrix": [
        -0.9999999999999998,
        -1.2897952993686092e-16,
        -1.2191730279970947e-16,
        0,
        1.224646799147353e-16,
        -0.9986468209059566,
        0.05200506796866781,
        0,
        -1.2845991607529202e-16,
        0.0520050679686678,
        0.9986468209059568,
        0,
        -0.00026407349628243537,
        0.5323360968566522,
        20.45592975719489,
        1
      ],
      "name": "Rectangle 68",
      "mesh": 0
    },
    {
      "matrix": [
        -1,
        -5.129313477801884e-17,
        -1.6734418922601401e-16,
        0,
        1.2246467991473535e-16,
        -0.8881314572257175,
        -0.45958950671890186,
        0,
        -1.250498521248602e-16,
        -0.45958950671890186,
        0.8881314572257175,
        0,
        -0.0002640734962824354,
        -5.122963120261073,
        19.19729331682856,
        1
      ],
      "name": "Rectangle 67",
      "mesh": 1
    },
    {
      "matrix": [
        -1,
        1.2590729801852546e-17,
        -1.7457530428478338e-16,
        0,
        1.2246467991473535e-16,
        -0.6622704207653849,
        -0.7492648996044324,
        0,
        -1.250498521248602e-16,
        -0.7492648996044324,
        0.6622704207653847,
        0,
        0.03450908308172984,
        -9.525140510627857,
        15.880550338754393,
        1
      ],
      "name": "Rectangle 66",
      "mesh": 2
    },
    {
      "matrix": [
        -1,
        6.190647679284651e-17,
        -1.6371515346529385e-16,
        0,
        1.224646799147353e-16,
        -0.4207988317825965,
        -0.9071539798570042,
        0,
        -1.2504985212486014e-16,
        -0.9071539798570042,
        0.42079883178259647,
        0,
        0.034509083081729855,
        -12.765311228306052,
        10.95869318830981,
        1
      ],
      "name": "Rectangle 65",
      "mesh": 3
    },
    {
      "matrix": [
        -0.9999999999999998,
        9.642343674757678e-17,
        -1.4607389975233085e-16,
        0,
        1.224646799147353e-16,
        -0.21080597005591664,
        -0.9775279244035864,
        0,
        -1.2504985212486004e-16,
        -0.9775279244035865,
        0.21080597005591684,
        0,
        0.039987585922290236,
        -14.543273684908598,
        5.333832390300624,
        1
      ],
      "name": "Rectangle 64",
      "mesh": 4
    },
    {
      "matrix": [
        -1,
        -8.931725911776924e-17,
        1.4448961685120315e-16,
        0,
        1.2246467991473532e-16,
        0.21038539275552642,
        0.9776185281156976,
        0,
        -1.177167121843778e-16,
        0.9776185281156976,
        -0.21038539275552642,
        0,
        -0.05344518209244599,
        14.387078107802111,
        -5.777099691746481,
        1
      ],
      "name": "Rectangle 76",
      "mesh": 0
    },
    {
      "matrix": [
        -0.9999999999999998,
        -1.256343359684633e-16,
        1.1432775594702062e-16,
        0,
        1.2246467991473532e-16,
        -0.06679927496631155,
        0.9977664340235018,
        0,
        -1.1771671218437778e-16,
        0.9977664340235018,
        0.06679927496631177,
        0,
        -0.03589855034965694,
        14.965694580109961,
        2.035685148165573,
        1
      ],
      "name": "Rectangle 75",
      "mesh": 0
    },
    {
      "matrix": [
        -1,
        -1.0800519642751634e-16,
        1.311094950748108e-16,
        0,
        1.2246467991473532e-16,
        0.07648485493859503,
        0.9970707432098397,
        0,
        -1.1771671218437778e-16,
        0.9970707432098397,
        -0.07648485493859503,
        0,
        -0.031200273488366292,
        14.979130172318282,
        -1.877298374755373,
        1
      ],
      "name": "Rectangle 76",
      "mesh": 0
    },
    {
      "matrix": [
        -1,
        -1.3991809757850466e-16,
        9.632106791419133e-17,
        0,
        1.2246467991473535e-16,
        -0.2008823888888962,
        0.9796153662710126,
        0,
        -1.177167121843778e-16,
        0.9796153662710126,
        0.20088238888889595,
        0,
        -0.013653641745577262,
        14.461580282423553,
        5.947825832493218,
        1
      ],
      "name": "Rectangle 74",
      "mesh": 0
    },
    {
      "matrix": [
        -1,
        -2.1957169196182216e-17,
        1.6876487558860912e-16,
        0,
        1.224646799147353e-16,
        0.5957582232071237,
        0.8031638310339251,
        0,
        -1.181782665507068e-16,
        0.8031638310339251,
        -0.5957582232071236,
        0,
        -0.09655328621670375,
        10.475874049364977,
        -14.666729554198987,
        1
      ],
      "name": "Rectangle 77",
      "mesh": 0
    },
    {
      "matrix": [
        -1,
        -1.5417813020758898e-16,
        7.206111765189469e-17,
        0,
        1.224646799147353e-16,
        -0.3578726893610997,
        0.9337703883768503,
        0,
        -1.1817826655070682e-16,
        0.9337703883768503,
        0.3578726893610997,
        0,
        0.015013555141877077,
        13.316219688877904,
        9.715636212254045,
        1
      ],
      "name": "Rectangle 73",
      "mesh": 0
    },
    {
      "matrix": [
        -1,
        -4.9163235884428924e-17,
        1.6293150938023154e-16,
        0,
        1.2246467991473535e-16,
        0.4569237758003332,
        0.8895058533300199,
        0,
        -1.1817826655070677e-16,
        0.88950585333002,
        -0.45692377580033305,
        0,
        -0.09655328621670377,
        12.462011912988777,
        -11.358682242105228,
        1
      ],
      "name": "Rectangle 77",
      "mesh": 0
    },
    {
      "matrix": [
        -1,
        -1.6385959822730997e-16,
        4.597534752813755e-17,
        0,
        1.2246467991473532e-16,
        -0.5052436710249864,
        0.8629767278954833,
        0,
        -1.1817826655070675e-16,
        0.8629767278954833,
        0.5052436710249865,
        0,
        0.01501355514187708,
        11.591204316613473,
        13.167047894134694,
        1
      ],
      "name": "Rectangle 72",
      "mesh": 0
    },
    {
      "matrix": [
        -1,
        -1.6677886207010362e-16,
        9.758905291457946e-18,
        0,
        1.2246467991473532e-16,
        -0.692055760662003,
        0.7218440441913588,
        0,
        -1.1363462165760807e-16,
        0.7218440441913588,
        0.692055760662003,
        0,
        0.0009339295640984347,
        9.20306688466195,
        16.285145079564217,
        1
      ],
      "name": "Rectangle 71",
      "mesh": 0
    },
    {
      "matrix": [
        -1,
        -1.6108724228676836e-16,
        -3.122632517649836e-17,
        0,
        1.2246467991473532e-16,
        -0.8593646229119121,
        0.5113633198494659,
        0,
        -1.092089061613834e-16,
        0.5113633198494659,
        0.8593646229119121,
        0,
        0.019957072537408752,
        6.140741332906458,
        18.772496595149985,
        1
      ],
      "name": "Rectangle 70",
      "mesh": 0
    },
    {
      "matrix": [
        -0.9999999999999998,
        -1.4364259043804547e-16,
        -7.931575646636897e-17,
        0,
        1.2246467991473532e-16,
        -0.9750762299408597,
        0.2218701102093729,
        0,
        -1.092089061613834e-16,
        0.22187011020937286,
        0.97507622994086,
        0,
        0.019957072537408742,
        2.512461687029279,
        20.22284568504761,
        1
      ],
      "name": "Rectangle 69",
      "mesh": 0
    },
    {
      "matrix": [
        -1,
        -1.0988314205664815e-16,
        -1.2186007592047077e-16,
        0,
        1.2246467991473532e-16,
        -0.9940880807597625,
        -0.10857664431806713,
        0,
        -1.0920890616138341e-16,
        -0.10857664431806713,
        0.9940880807597624,
        0,
        0.019957072537408742,
        -1.4003462735522847,
        20.37495736948417,
        1
      ],
      "name": "Rectangle 68",
      "mesh": 0
    },
    {
      "matrix": [
        -1,
        -4.009065445535567e-17,
        -1.6127355990258315e-16,
        0,
        1.224646799147353e-16,
        -0.8337835751194842,
        -0.5520914325190811,
        0,
        -1.1233353849893727e-16,
        -0.5520914325190811,
        0.8337835751194842,
        0,
        0.026616008464998234,
        -6.796000203680909,
        18.246211105984813,
        1
      ],
      "name": "Rectangle 67",
      "mesh": 1
    },
    {
      "matrix": [
        -1,
        1.9534188243002145e-17,
        -1.6671976743957288e-16,
        0,
        1.2246467991473535e-16,
        -0.5943660711689807,
        -0.8041946116725418,
        0,
        -1.1480186208768454e-16,
        -0.8041946116725418,
        0.5943660711689807,
        0,
        0.06138916504301051,
        -10.766384324725383,
        14.372661235793863,
        1
      ],
      "name": "Rectangle 66",
      "mesh": 2
    },
    {
      "matrix": [
        -0.9999999999999998,
        6.631826857601262e-17,
        -1.5420425616207277e-16,
        0,
        1.224646799147353e-16,
        -0.3400386126566081,
        -0.9404114747824852,
        0,
        -1.1480186208768447e-16,
        -0.9404114747824851,
        0.34003861265660834,
        0,
        0.06138916504301051,
        -13.524406580948163,
        9.159196036753404,
        1
      ],
      "name": "Rectangle 65",
      "mesh": 3
    },
    {
      "matrix": [
        -1,
        9.863359508522053e-17,
        -1.3582517913105459e-16,
        0,
        1.2246467991473532e-16,
        -0.12470609646949882,
        -0.992193725793174,
        0,
        -1.1480186208768447e-16,
        -0.992193725793174,
        0.1247060964694987,
        0,
        0.10086926641838545,
        -14.907054204594052,
        3.5496552968436985,
        1
      ],
      "name": "Rectangle 63",
      "mesh": 5
    },
    {
      "matrix": [
        -0.9999999999999998,
        -9.168748678747183e-17,
        -1.1810387889299199e-16,
        0,
        1.224646799147353e-16,
        -0.9554391410320913,
        -0.29518815657790154,
        0,
        -8.577600839602391e-17,
        -0.29518815657790154,
        0.9554391410320915,
        0,
        0.0019715048549642233,
        -3.3380524039769566,
        19.9818213214011,
        1
      ],
      "name": "Rectangle 68",
      "mesh": 0
    },
    {
      "matrix": [
        -1,
        -2.6767523977529115e-17,
        -1.5085161984284636e-16,
        0,
        1.2246467991473532e-16,
        -0.7312974385117428,
        -0.6820586898692544,
        0,
        -9.206038085126339e-17,
        -0.6820586898692544,
        0.7312974385117428,
        0,
        0.05836565987760877,
        -8.353306474539895,
        17.081457410454608,
        1
      ],
      "name": "Rectangle 67",
      "mesh": 1
    },
    {
      "matrix": [
        -1,
        2.5009819590141345e-17,
        -1.5894326312656639e-16,
        0,
        1.2246467991473535e-16,
        -0.5224097996160875,
        -0.8526945533220436,
        0,
        -1.0435925518435711e-16,
        -0.8526945533220436,
        0.5224097996160875,
        0,
        0.05276246085873026,
        -11.855533615188051,
        12.710085974170513,
        1
      ],
      "name": "Rectangle 66",
      "mesh": 2
    },
    {
      "matrix": [
        -1,
        6.934588549915254e-17,
        -1.4518815424679374e-16,
        0,
        1.2246467991473532e-16,
        -0.25723075198310763,
        -0.9663500091758704,
        0,
        -1.0435925518435708e-16,
        -0.9663500091758704,
        0.25723075198310763,
        0,
        0.052762460858730265,
        -14.093575816875203,
        7.254872256942964,
        1
      ],
      "name": "Rectangle 65",
      "mesh": 3
    },
    {
      "matrix": [
        -1,
        9.950605444382481e-17,
        -1.288836684421328e-16,
        0,
        1.2246467991473532e-16,
        -0.062015442087504764,
        -0.9980751900246251,
        0,
        -1.0730730187391938e-16,
        -0.9980751900246251,
        0.062015442087504764,
        0,
        0.05276246085873025,
        -15.043105651137964,
        1.5667552284159891,
        1
      ],
      "name": "Rectangle 62",
      "mesh": 6
    },
    {
      "matrix": [
        -1,
        1.4083133695557812e-16,
        -8.437397522330991e-17,
        0,
        1.2246467991473535e-16,
        0.29761945938493223,
        -0.9546845852926612,
        0,
        -1.0933816962552798e-16,
        -0.9546845852926612,
        -0.29761945938493234,
        0,
        0.052762460858730265,
        -13.884001993772188,
        -8.069795517527627,
        1
      ],
      "name": "Rectangle 61",
      "mesh": 7
    },
    {
      "matrix": [
        -1,
        1.2910882063949668e-16,
        -1.040759228549818e-16,
        0,
        1.2246467991473532e-16,
        0.1517659673395981,
        -0.9884164563368399,
        0,
        -1.1181809986947227e-16,
        -0.9884164563368399,
        -0.1517659673395981,
        0,
        0.03121913086238237,
        -14.691607822805992,
        -4.389350645773046,
        1
      ],
      "name": "Rectangle 62",
      "mesh": 6
    },
    {
      "matrix": [
        -1,
        1.6086617572673558e-16,
        -4.470494824754851e-17,
        0,
        1.2246467991473532e-16,
        0.524710853885215,
        -0.8512805176996878,
        0,
        -1.1348506978515893e-16,
        -0.8512805176996878,
        -0.524710853885215,
        0,
        0.031219130862382375,
        -11.404695689444043,
        -13.331952969771748,
        1
      ],
      "name": "Rectangle 60",
      "mesh": 8
    },
    {
      "matrix": [
        -0.9999999999999998,
        9.99659793470226e-17,
        -1.2213976073706971e-16,
        0,
        1.224646799147353e-16,
        0.003256777207278239,
        -0.9999946966870485,
        0,
        -9.956766720727871e-17,
        -0.9999946966870485,
        -0.003256777207278017,
        0,
        0.0681215587794668,
        -15.091202255272998,
        -0.41683738281537686,
        1
      ],
      "name": "Rectangle 62",
      "mesh": 6
    },
    {
      "matrix": [
        -1,
        1.388147943341445e-16,
        -7.737545021941516e-17,
        0,
        1.2246467991473532e-16,
        0.36279118239252606,
        -0.9318704620161715,
        0,
        -1.0128627545758341e-16,
        -0.9318704620161715,
        -0.36279118239252606,
        0,
        0.06812155877946677,
        -13.276284911217898,
        -9.878154221740918,
        1
      ],
      "name": "Rectangle 61",
      "mesh": 7
    },
    {
      "matrix": [
        -1,
        1.2804008064013734e-16,
        -9.654115790373904e-17,
        0,
        1.2246467991473532e-16,
        0.2211296141350582,
        -0.9752444276961958,
        0,
        -1.0352226617065993e-16,
        -0.9752444276961958,
        -0.22112961413505827,
        0,
        0.0465782287831189,
        -14.35205356882576,
        -6.210119184077623,
        1
      ],
      "name": "Rectangle 62",
      "mesh": 6
    },
    {
      "matrix": [
        -1,
        1.5600801092067124e-16,
        -3.709390715876727e-17,
        0,
        1.2246467991473532e-16,
        0.5936514833722919,
        -0.8047222603419626,
        0,
        -1.0352226617065991e-16,
        -0.8047222603419626,
        -0.5936514833722921,
        0,
        0.046578228783118895,
        -10.353584453360156,
        -14.860005355678108,
        1
      ],
      "name": "Rectangle 59",
      "mesh": 9
    },
    {
      "matrix": [
        -1,
        9.996808141899487e-17,
        -1.136333852901733e-16,
        0,
        1.2246467991473532e-16,
        0.09329929154325356,
        -0.9956381080480633,
        0,
        -8.893011710596806e-17,
        -0.9956381080480633,
        -0.09329929154325356,
        0,
        0.06812155877946678,
        -14.986998741588424,
        -2.396489391463838,
        1
      ],
      "name": "Rectangle 62",
      "mesh": 6
    },
    {
      "matrix": [
        -1,
        1.351054890471757e-16,
        -6.821048588320756e-17,
        0,
        1.2246467991473532e-16,
        0.457504983243008,
        -0.8892070570501648,
        0,
        -8.893011710596805e-17,
        -0.8892070570501649,
        -0.4575049832430078,
        0,
        0.06812155877946681,
        -12.44613506180481,
        -11.661630195373787,
        1
      ],
      "name": "Rectangle 61",
      "mesh": 7
    },
    {
      "matrix": [
        -1,
        1.4876284516800366e-16,
        -2.785281767829473e-17,
        0,
        1.2246467991473535e-16,
        0.6872054257788791,
        -0.7264631461953659,
        0,
        -8.8930117105968e-17,
        -0.7264631461953659,
        -0.6872054257788791,
        0,
        0.0465782287831189,
        -9.079125040101708,
        -16.356661825471477,
        1
      ],
      "name": "Rectangle 58",
      "mesh": 10
    },
    {
      "matrix": [
        -1,
        1.4090621480639775e-16,
        -1.8619127178705475e-17,
        0,
        1.224646799147353e-16,
        0.7877202680272285,
        -0.616033099223663,
        0,
        -7.213622835541747e-17,
        -0.616033099223663,
        -0.7877202680272285,
        0,
        0.046578228783118895,
        -7.583503365721884,
        -17.69061266258279,
        1
      ],
      "name": "Rectangle 57",
      "mesh": 11
    },
    {
      "matrix": [
        -1,
        1.349051381532391e-16,
        -1.392601212330321e-17,
        0,
        1.2246467991473535e-16,
        0.8540924990156482,
        -0.52012114274004,
        0,
        -5.827291212205142e-17,
        -0.52012114274004,
        -0.8540924990156482,
        0,
        0.046578228783118895,
        -5.94668397430827,
        -18.800942285864807,
        1
      ],
      "name": "Rectangle 56",
      "mesh": 12
    },
    {
      "matrix": [
        -1,
        1.2843704209786249e-16,
        -9.775096022629466e-18,
        0,
        1.224646799147353e-16,
        0.9244860920931715,
        -0.3812157729243323,
        0,
        -3.9925285953655416e-17,
        -0.3812157729243322,
        -0.9244860920931717,
        0,
        0.046578228783118895,
        -4.208667094653527,
        -19.675530595144895,
        1
      ],
      "name": "Rectangle 55",
      "mesh": 13
    },
    {
      "matrix": [
        -1,
        1.2332491334807015e-16,
        -7.822969425006897e-18,
        0,
        1.2246467991473532e-16,
        0.9805859308791293,
        -0.19608985736623813,
        0,
        -1.6511670912267397e-17,
        -0.19608985736623816,
        -0.9805859308791294,
        0,
        0.0465782287831189,
        -2.4433245035141558,
        -20.19948293731096,
        1
      ],
      "name": "Rectangle 54",
      "mesh": 14
    },
    {
      "matrix": [
        -0.9999999999999998,
        1.2222839938261745e-16,
        -7.60369719162605e-18,
        0,
        1.2246467991473532e-16,
        0.9980706230377412,
        -0.06208889940283226,
        0,
        -3.09162232318266e-33,
        -0.06208889940283226,
        -0.998070623037741,
        0,
        0.04657822878311889,
        -0.5979818513071118,
        -20.475049577184762,
        0.9999999999999999
      ],
      "name": "Rectangle 53",
      "mesh": 15
    },
    {
      "matrix": [
        -1,
        1.2246467991473532e-16,
        1.4997597826618576e-32,
        0,
        1.2246467991473532e-16,
        1,
        1.2246467991473532e-16,
        0,
        0,
        1.2246467991473532e-16,
        -1,
        0,
        0.0465782287831189,
        1.4006296791421837,
        -20.497369036586814,
        1
      ],
      "name": "Rectangle 52",
      "mesh": 16
    },
    {
      "matrix": [
        -0.0005590550281412141,
        -2.095044138581368e-23,
        0.9134751849014368,
        0,
        -7.074045326597811e-20,
        0.9438419235721083,
        -2.1646894760691475e-23,
        0,
        -0.9134751848978528,
        -6.846449507576442e-20,
        -0.0005590550281390211,
        0,
        -2.555104308798298,
        -0.035983775133900935,
        -0.0332714401885319,
        0.9999999999999999
      ],
      "name": "Ellipse 2",
      "mesh": 17
    },
    {
      "matrix": [
        2.0283227452617081e-16,
        0,
        -0.913475355974773,
        0,
        0,
        0.9438419235721086,
        0,
        0,
        0.9134753559711896,
        0,
        2.0283227452537513e-16,
        0,
        2.6013142620371785,
        0.03598377513389917,
        0.03326759103845589,
        1
      ],
      "name": "Ellipse",
      "mesh": 18
    },
    {
      "matrix": [
        1,
        0,
        0,
        0,
        0,
        1,
        0,
        0,
        0,
        0,
        1,
        0,
        -19.848799856551004,
        -1.4006296791421837,
        31.78800476723404,
        1
      ],
      "name": "Group",
      "children": [
        1,
        2,
        3,
        4,
        5,
        6,
        7,
        8,
        9,
        10,
        11,
        12,
        13,
        14,
        15,
        16,
        17,
        18,
        19,
        20,
        21,
        22,
        23,
        24,
        25,
        26,
        27,
        28,
        29,
        30,
        31,
        32,
        33,
        34,
        35,
        36,
        37,
        38,
        39,
        40,
        41,
        42,
        43,
        44,
        45,
        46,
        47,
        48,
        49,
        50,
        51,
        52,
        53,
        54,
        55
      ]
    },
    {
      "matrix": [
        1.8822155915545637,
        4.979636965814631e-19,
        -0.0006990606666662112,
        0,
        0.0004335904341019136,
        0.9720596269670688,
        1.167438985385244,
        0,
        0.0002839042225152999,
        -0.9180528810433451,
        0.7644099855808717,
        0,
        0.15875583711947527,
        36.12135807464374,
        4.8263672538365014,
        0.9999999999999999
      ],
      "name": "Rectangle 51",
      "mesh": 19
    },
    {
      "matrix": [
        1.8822155915545637,
        5.489812594550759e-19,
        -0.0006990606666662118,
        0,
        0.00046428202193765585,
        0.8632056720166388,
        1.2500758549855526,
        0,
        0.00025211183386899703,
        -0.9830370191153929,
        0.6788092180706516,
        0,
        0.16873939339500765,
        33.94706293207691,
        2.0996503361364574,
        1
      ],
      "name": "Rectangle 50",
      "mesh": 20
    },
    {
      "matrix": [
        1.8822155915545637,
        8.672985055150495e-19,
        -0.0006990606666662116,
        0,
        0.0005671885498250198,
        0.9126079455775343,
        1.5271509079792374,
        0,
        0.00022760077839576164,
        -1.0254772069187978,
        0.6128133854096628,
        0,
        0.1440520833249473,
        32.443771079642865,
        -0.2714773015766605,
        1
      ],
      "name": "Rectangle 49",
      "mesh": 21
    },
    {
      "matrix": [
        1.8822155915545642,
        6.632282716140342e-19,
        -0.0006990606666662113,
        0,
        0.0005679056995596475,
        0.9093689678967638,
        1.529081828250339,
        0,
        0.00022679299029253227,
        -1.0267738140294937,
        0.6106384220122494,
        0,
        0.13292414934281288,
        31.195947832180384,
        -2.4027188783977853,
        1.0000000000000002
      ],
      "name": "Rectangle 48",
      "mesh": 22
    },
    {
      "matrix": [
        1.8822155915545642,
        7.774752872916792e-19,
        -0.0006990606666662111,
        0,
        0.0005801145010730617,
        0.8516707400783501,
        1.5619539345760065,
        0,
        0.00021240328261229027,
        -1.0488473338134612,
        0.5718942422219191,
        0,
        0.14398599896801662,
        30.379635834035657,
        -3.7886704892753547,
        1.0000000000000002
      ],
      "name": "Rectangle 47",
      "mesh": 23
    },
    {
      "matrix": [
        1.8822155915545642,
        2.4287590684420865e-19,
        -0.0006990606666662103,
        0,
        0.0005876379845218294,
        0.813419902475835,
        1.5822108572228009,
        0,
        0.0002028636764157727,
        -1.0624497959853834,
        0.5462089242279821,
        0,
        0.14902606946432334,
        29.61199170078914,
        -5.203247823356787,
        1.0000000000000002
      ],
      "name": "Rectangle 46",
      "mesh": 24
    },
    {
      "matrix": [
        1.8822155915545637,
        1.2645890912675192e-19,
        -0.0006990606666662101,
        0,
        0.00030819454684300325,
        0.39258791160568923,
        0.8298115012913133,
        0,
        0.00018974771072078223,
        -1.0798753596759312,
        0.5108942851607646,
        0,
        0.13294153059996813,
        29.06460613610948,
        -6.2560444969465765,
        0.9999999999999998
      ],
      "name": "Rectangle 45",
      "mesh": 25
    },
    {
      "matrix": [
        1.8822155915545635,
        1.1424701567764513e-19,
        -0.0006990606666662097,
        0,
        0.0003089287417756718,
        0.38838202010713935,
        0.8317883156300452,
        0,
        0.00018771489651586736,
        -1.082447887402684,
        0.5054209481906401,
        0,
        0.1395987411362824,
        28.666913085214404,
        -7.082090815135896,
        0.9999999999999998
      ],
      "name": "Rectangle 44",
      "mesh": 26
    },
    {
      "matrix": [
        1.8822155915545637,
        -1.774764684816776e-19,
        -0.0006990606666662096,
        0,
        0.00031293517812201244,
        0.36438815215328296,
        0.8425756153841798,
        0,
        0.0001761180506095322,
        -1.0964859420497937,
        0.47419652773818516,
        0,
        0.1558564131956075,
        28.318299345041307,
        -7.878531714282449,
        1
      ],
      "name": "Rectangle 43",
      "mesh": 27
    },
    {
      "matrix": [
        1.8822155915545642,
        3.571229119657928e-19,
        -0.0006990606666662092,
        0,
        0.00029520347107912575,
        0.4592958778399083,
        0.7948331274250695,
        0,
        0.00022198936540651138,
        -1.0343562459966078,
        0.597704698105904,
        0,
        0.16309618793335903,
        27.923437935483978,
        -8.689008851279794,
        1
      ],
      "name": "Rectangle 42",
      "mesh": 28
    },
    {
      "matrix": [
        1.8822155915545637,
        2.6729969726110924e-19,
        -0.0006990606666662093,
        0,
        0.0002556415733221552,
        0.607402353466358,
        0.6883130150222747,
        0,
        0.0002935729874750081,
        -0.8957362768654411,
        0.7904430625740744,
        0,
        0.1697137255132759,
        27.407473317271517,
        -9.416705744270837,
        1
      ],
      "name": "Rectangle 41",
      "mesh": 29
    },
    {
      "matrix": [
        1.8822155915545637,
        2.3066399932035377e-19,
        -0.0006990606666662087,
        0,
        0.00020586464045371618,
        0.7317623630912985,
        0.5542889973478882,
        0,
        0.00035367933928557357,
        -0.7213240952240436,
        0.9522789631245056,
        0,
        0.15518011260343556,
        26.732010304002245,
        -10.03185745073456,
        1.0000000000000002
      ],
      "name": "Rectangle 40",
      "mesh": 30
    },
    {
      "matrix": [
        1.8822155915545642,
        -6.322945984140658e-20,
        -0.0006990606666662083,
        0,
        0.00013885642587547364,
        0.8384114635313038,
        0.37386988316301817,
        0,
        0.00040522555877092243,
        -0.48653564565493773,
        1.0910667717187263,
        0,
        0.151290643050622,
        25.990157210873374,
        -10.455118691315718,
        1
      ],
      "name": "Rectangle 39",
      "mesh": 31
    },
    {
      "matrix": [
        1.8822155915545637,
        -3.2550818908246347e-19,
        -0.0006990606666662084,
        0,
        0.00007610882832804038,
        0.8948291878242194,
        0.20492244831504502,
        0,
        0.00043249367811996913,
        -0.2666758682369664,
        1.164485978145989,
        0,
        0.1493852927149959,
        25.15436649509597,
        -10.726107189031774,
        1
      ],
      "name": "Rectangle 38",
      "mesh": 32
    },
    {
      "matrix": [
        1.8822155915545637,
        -4.111934490813539e-19,
        -0.0006990606666662084,
        0,
        0.000015300248124220723,
        0.9170689159335635,
        0.04119580309302704,
        0,
        0.0004432427036784512,
        -0.05361016642092076,
        1.1934276486832245,
        0,
        0.1540397898981532,
        24.26977475142679,
        -10.85730731744656,
        1
      ],
      "name": "Rectangle 37",
      "mesh": 33
    },
    {
      "matrix": [
        1.8822155915545637,
        -4.336492546268272e-19,
        -0.0006990606666662077,
        0,
        -0.000006333186303385545,
        0.9178353437987649,
        -0.017052056527941263,
        0,
        0.0004436131377355257,
        0.02219069710129316,
        1.1944250395980847,
        0,
        0.15346310723860063,
        23.37371432310372,
        -10.85493933418814,
        1
      ],
      "name": "Rectangle 36",
      "mesh": 34
    },
    {
      "matrix": [
        1.8822155915545637,
        -4.49727865033017e-19,
        -0.0006990606666662075,
        0,
        -0.00004004128853210387,
        0.9116409962459214,
        -0.10781086846221842,
        0,
        0.000440619252206158,
        0.14029969478181697,
        1.186364025309326,
        0,
        0.15035287984728996,
        22.46576788522058,
        -10.80287542390245,
        1
      ],
      "name": "Rectangle 35",
      "mesh": 35
    },
    {
      "matrix": [
        1.8822155915545637,
        -4.0149203348457103e-19,
        -0.0006990606666662077,
        0,
        -0.00006134944154805559,
        0.9030100184219183,
        -0.1651829103267982,
        0,
        0.000436447681368207,
        0.21496081269527642,
        1.1751321021775172,
        0,
        0.1552860575182713,
        21.57868407921312,
        -10.670756401924843,
        1.0000000000000002
      ],
      "name": "Rectangle 34",
      "mesh": 36
    },
    {
      "matrix": [
        1.8822155915545637,
        -3.8263169516194263e-19,
        -0.0006990606666662073,
        0,
        -0.00011800858944543658,
        0.8612522994062198,
        -0.31773724024673355,
        0,
        0.00041626511498264594,
        0.41348741980550663,
        1.1207906938564764,
        0,
        0.15722696499028288,
        20.716366761993445,
        -10.43563419947243,
        0.9999999999999998
      ],
      "name": "Rectangle 33",
      "mesh": 37
    },
    {
      "matrix": [
        1.8822155915545633,
        -2.5508780381200235e-19,
        -0.000699060666666207,
        0,
        -0.00019854785708658395,
        1.0683439401022254,
        -0.5345886131175476,
        0,
        0.0003967862017710652,
        0.534588649988189,
        1.0683438664184195,
        0,
        0.1536697874590054,
        19.78859602951128,
        -10.029020252313943,
        0.9999999999999998
      ],
      "name": "Rectangle 32",
      "mesh": 38
    },
    {
      "matrix": [
        1.8398773288511563,
        -2.612870997382958e-19,
        -0.0006833361055246819,
        0,
        -0.00022288324894254418,
        1.0329617464239662,
        -0.6001114728091359,
        0,
        0.0003836451469918514,
        0.6001115141988972,
        1.032961675180474,
        0,
        0.16403898634671063,
        18.771578802760253,
        -9.483143457573886,
        0.9999999999999998
      ],
      "name": "Rectangle 31",
      "mesh": 39
    },
    {
      "matrix": [
        1.194631239776251,
        0,
        0,
        0,
        0,
        -0.5922866910330199,
        -1.0374682041751917,
        0,
        0,
        1.6220596693318412,
        -0.9260277571306059,
        0,
        0.14941262777939812,
        34.20813869629091,
        -4.518152749673835,
        1
      ],
      "name": "Rectangle 29",
      "mesh": 40
    },
    {
      "matrix": [
        1.194631239776251,
        0,
        0,
        0,
        0,
        -0.6816131251788485,
        -0.9810949732993574,
        0,
        0,
        1.5339213111001095,
        -1.0656877540828673,
        0,
        0.14896880874301383,
        35.60658104361914,
        -2.2839853533224637,
        1
      ],
      "name": "Rectangle 13",
      "mesh": 41
    },
    {
      "matrix": [
        1.194631239776251,
        0,
        0,
        0,
        0,
        -1.1725485236220456,
        1.5848097511371937,
        0,
        0,
        -1.5014958784837114,
        -1.11090733400482,
        0,
        0.1720668727268127,
        18.79106992835119,
        -9.951680520384754,
        1.0000000000000002
      ],
      "name": "Rectangle 28",
      "mesh": 42
    },
    {
      "matrix": [
        1.194631239776251,
        0,
        0,
        0,
        0,
        -0.8702699602874985,
        0.8183972111820388,
        0,
        0,
        -1.279546789395266,
        -1.3606487392407833,
        0,
        0.1799586286566104,
        19.810809200234264,
        -11.125349346438941,
        1
      ],
      "name": "Rectangle 27",
      "mesh": 43
    },
    {
      "matrix": [
        1.194631239776251,
        0,
        0,
        0,
        0,
        -0.9468151591407452,
        0.7284811963740917,
        0,
        0,
        -1.1389649955050438,
        -1.4803255442177106,
        0,
        0.1576458786890349,
        20.639510234188837,
        -11.774954715465164,
        1
      ],
      "name": "Rectangle 26",
      "mesh": 44
    },
    {
      "matrix": [
        1.194631239776251,
        0,
        0,
        0,
        0,
        -1.0603951747789369,
        0.5501871248537998,
        0,
        0,
        -0.8602059727897836,
        -1.6579055046129878,
        0,
        0.17664174623037707,
